p冪で割合が1未満の物 (65536以下)

     4       0.5 |      5       0.8 |      8      0.25 |     13   0.76923 |     16     0.125 |     25      0.64 |     32     0.125 |     49   0.87755 |     64     0.125 |    125     0.608 |    128   0.09375 |
   169   0.69822 |    256   0.07812 |    289   0.94464 |    343   0.86006 |    512   0.07812 |    529   0.95841 |    625    0.6016 |    841   0.96671 |    961   0.96878 |   1024   0.07812 |   1369    0.9737 |
  1681    0.9762 |   2048   0.07617 |   2197   0.69276 |   2209   0.97918 |   2401   0.85756 |   2809   0.98149 |   3125   0.60128 |   3721   0.98388 |   4096    0.0752 |   4913   0.94138 |   5041   0.98611 |
  6241    0.9875 |   8192    0.0752 |   9409    0.9898 |  10201    0.9902 |  10609   0.99039 |  11881   0.99091 |  12167    0.9566 |  15625   0.60102 |  16129   0.99219 |  16384    0.0752 |  16807   0.85756 |
 18769   0.99275 |  22201   0.99333 |  22801   0.99342 |  24389   0.96556 |  24649   0.99367 |  27889   0.99405 |  28561   0.69234 |  29791   0.96778 |  29929   0.99425 |  32761   0.99451 |  32768   0.07507 |
 36481   0.99479 |  37249   0.99485 |  38809   0.99495 |  39601     0.995 |  49729   0.99554 |  50653   0.97299 |  52441   0.99565 |  57121   0.99583 |  58081   0.99587 |  65536   0.07501 |

     4       0.5 |      8      0.25 |     16     0.125 |     32     0.125 |     64     0.125 |    128   0.09375 |    256   0.07812 |    512   0.07812 |   1024   0.07812 |   2048   0.07617 |   4096    0.0752 |   8192    0.0752 |  16384    0.0752 |  32768   0.07507 |  65536   0.07501 |
     5       0.8 |     25      0.64 |    125     0.608 |    625    0.6016 |   3125   0.60128 |  15625   0.60102 |
    49   0.87755 |    343   0.86006 |   2401   0.85756 |  16807   0.85756 |
    13   0.76923 |    169   0.69822 |   2197   0.69276 |  28561   0.69234 |
   289   0.94464 |   4913   0.94138 |
   529   0.95841 |  12167    0.9566 |
   841   0.96671 |  24389   0.96556 |
   961   0.96878 |  29791   0.96778 |
  1369    0.9737 |  50653   0.97299 |
  1681    0.9762 |
  2209   0.97918 |
  2809   0.98149 |
  3721   0.98388 |
  5041   0.98611 |
  6241    0.9875 |
  9409    0.9898 |
 10201    0.9902 |
 10609   0.99039 |
 11881   0.99091 |
 16129   0.99219 |
 18769   0.99275 |
 22201   0.99333 |
 22801   0.99342 |
 24649   0.99367 |
 27889   0.99405 |
 29929   0.99425 |
 32761   0.99451 |
 36481   0.99479 |
 37249   0.99485 |
 38809   0.99495 |
 39601     0.995 |
 49729   0.99554 |
 52441   0.99565 |
 57121   0.99583 |
 58081   0.99587 |